0.000100, -0.000000
0.000200, -0.702374
0.000300, -1.113605
0.000400, -1.161526
0.000500, -1.015400
0.000600, -0.907513
0.000700, -0.936214
0.000800, -1.028711
0.000900, -1.066350
0.001000, -1.019727
0.001100, -0.959185
0.001200, -0.956814
0.001300, -1.005561
0.001400, -1.040647
0.001500, -1.022762
0.001600, -0.979949
0.001700, -0.966082
0.001800, -0.994462
0.001900, -1.026672
0.002000, -1.023609
0.002100, -0.992192
0.002200, -0.972858
0.002300, -0.988090
0.002400, -1.016753
0.002500, -1.022954
0.002600, -1.000619
0.002700, -0.978880
0.002800, -0.984363
0.002900, -1.008817
0.003000, -1.021156
0.003100, -1.006765
0.003200, -0.984643
0.003300, -0.982475
0.003400, -1.002137
0.003500, -1.018428
0.003600, -1.011243
0.003700, -0.990281
0.003800, -0.982047
0.003900, -0.996443
0.004000, -1.014931
0.004100, -1.014327
0.004200, -0.995794
0.004300, -0.982868
0.004400, -0.991648
0.004500, -1.010798
0.004600, -1.016142
0.004700, -1.001115
0.004800, -0.984802
0.004900, -0.987753
0.005000, -1.006153
0.005100, -1.016742
0.005200, -1.006153
0.005300, -0.987753
0.005400, -0.984802
0.005500, -1.001115
0.005600, -1.016142
0.005700, -1.010798
0.005800, -0.991648
0.005900, -0.982868
0.006000, -0.995793
0.006100, -1.014327
0.006200, -1.014931
0.006300, -0.996443
0.006400, -0.982047
0.006500, -0.990281
0.006600, -1.011243
0.006700, -1.018428
0.006800, -1.002137
0.006900, -0.982475
0.007000, -0.984643
0.007100, -1.006764
0.007200, -1.021155
0.007300, -1.008817
0.007400, -0.984363
0.007500, -0.978880
0.007600, -1.000619
0.007700, -1.022954
0.007800, -1.016753
0.007900, -0.988090
0.008000, -0.972858
0.008100, -0.992192
0.008200, -1.023610
0.008300, -1.026672
0.008400, -0.994463
0.008500, -0.966083
0.008600, -0.979949
0.008700, -1.022761
0.008800, -1.040647
0.008900, -1.005561
0.009000, -0.956814
0.009100, -0.959185
0.009200, -1.019727
0.009300, -1.066350
0.009400, -1.028711
0.009500, -0.936214
0.009600, -0.907513
0.009700, -1.015400
0.009800, -1.161526
0.009900, -1.113604
0.010000, -0.702372
0.010100, 0.000002
0.010200, 0.702375
0.010300, 1.113605
0.010400, 1.161525
0.010500, 1.015399
0.010600, 0.907512
0.010700, 0.936214
0.010800, 1.028712
0.010900, 1.066351
0.011000, 1.019728
0.011100, 0.959185
0.011200, 0.956813
0.011300, 1.005561
0.011400, 1.040647
0.011500, 1.022762
0.011600, 0.979949
0.011700, 0.966082
0.011800, 0.994461
0.011900, 1.026671
0.012000, 1.023609
0.012100, 0.992192
0.012200, 0.972858
0.012300, 0.988090
0.012400, 1.016753
0.012500, 1.022954
0.012600, 1.000619
0.012700, 0.978880
0.012800, 0.984362
0.012900, 1.008817
0.013000, 1.021156
0.013100, 1.006766
0.013200, 0.984644
0.013300, 0.982476
0.013400, 1.002138
0.013500, 1.018429
0.013600, 1.011243
0.013700, 0.990282
0.013800, 0.982047
0.013900, 0.996443
0.014000, 1.014931
0.014100, 1.014328
0.014200, 0.995794
0.014300, 0.982868
0.014400, 0.991648
0.014500, 1.010798
0.014600, 1.016142
0.014700, 1.001115
0.014800, 0.984802
0.014900, 0.987752
0.015000, 1.006153
0.015100, 1.016742
0.015200, 1.006153
0.015300, 0.987753
0.015400, 0.984803
0.015500, 1.001116
0.015600, 1.016142
0.015700, 1.010798
0.015800, 0.991648
0.015900, 0.982868
0.016000, 0.995793
0.016100, 1.014327
0.016200, 1.014931
0.016300, 0.996443
0.016400, 0.982047
0.016500, 0.990281
0.016600, 1.011243
0.016700, 1.018428
0.016800, 1.002137
0.016900, 0.982474
0.017000, 0.984642
0.017100, 1.006763
0.017200, 1.021155
0.017300, 1.008816
0.017400, 0.984362
0.017500, 0.978880
0.017600, 1.000619
0.017700, 1.022954
0.017800, 1.016753
0.017900, 0.988090
0.018000, 0.972857
0.018100, 0.992192
0.018200, 1.023610
0.018300, 1.026673
0.018400, 0.994463
0.018500, 0.966083
0.018600, 0.979949
0.018700, 1.022761
0.018800, 1.040646
0.018900, 1.005561
0.019000, 0.956814
0.019100, 0.959186
0.019200, 1.019727
0.019300, 1.066349
0.019400, 1.028711
0.019500, 0.936214
0.019600, 0.907514
0.019700, 1.015401
0.019800, 1.161526
0.019900, 1.113603
0.020000, 0.702371
0.020100, -0.000003
0.020200, -0.702376
0.020300, -1.113606
0.020400, -1.161525
0.020500, -1.015398
0.020600, -0.907512
0.020700, -0.936214
0.020800, -1.028713
0.020900, -1.066351
0.021000, -1.019727
0.021100, -0.959184
0.021200, -0.956812
0.021300, -1.005561
0.021400, -1.040648
0.021500, -1.022762
0.021600, -0.979950
0.021700, -0.966082
0.021800, -0.994461
0.021900, -1.026671
0.022000, -1.023609
0.022100, -0.992192
0.022200, -0.972858
0.022300, -0.988090
0.022400, -1.016753
0.022500, -1.022954
0.022600, -1.000618
0.022700, -0.978880
0.022800, -0.984363
0.022900, -1.008818
0.023000, -1.021157
0.023100, -1.006767
0.023200, -0.984645
0.023300, -0.982476
0.023400, -1.002138
0.023500, -1.018429
0.023600, -1.011243
0.023700, -0.990282
0.023800, -0.982047
0.023900, -0.996443
0.024000, -1.014931
0.024100, -1.014328
0.024200, -0.995794
0.024300, -0.982868
0.024400, -0.991648
0.024500, -1.010797
0.024600, -1.016141
0.024700, -1.001115
0.024800, -0.984801
0.024900, -0.987752
0.025000, -1.006153
0.025100, -1.016742
0.025200, -1.006154
0.025300, -0.987754
0.025400, -0.984803
0.025500, -1.001116
0.025600, -1.016142
0.025700, -1.010798
0.025800, -0.991648
0.025900, -0.982868
0.026000, -0.995793
0.026100, -1.014327
0.026200, -1.014930
0.026300, -0.996442
0.026400, -0.982047
0.026500, -0.990281
0.026600, -1.011243
0.026700, -1.018428
0.026800, -1.002137
0.026900, -0.982474
0.027000, -0.984641
0.027100, -1.006762
0.027200, -1.021154
0.027300, -1.008816
0.027400, -0.984363
0.027500, -0.978880
0.027600, -1.000619
0.027700, -1.022955
0.027800, -1.016753
0.027900, -0.988089
0.028000, -0.972858
0.028100, -0.992192
0.028200, -1.023610
0.028300, -1.026673
0.028400, -0.994464
0.028500, -0.966083
0.028600, -0.979949
0.028700, -1.022760
0.028800, -1.040646
0.028900, -1.005562
0.029000, -0.956815
0.029100, -0.959186
0.029200, -1.019727
0.029300, -1.066349
0.029400, -1.028710
0.029500, -0.936214
0.029600, -0.907514
0.029700, -1.015401
0.029800, -1.161526
0.029900, -1.113603
0.030000, -0.702369
0.030100, 0.000005
0.030200, 0.702378
0.030300, 1.113606
0.030400, 1.161525
0.030500, 1.015397
0.030600, 0.907511
0.030700, 0.936214
0.030800, 1.028713
0.030900, 1.066352
0.031000, 1.019728
0.031100, 0.959184
0.031200, 0.956812
0.031300, 1.005560
0.031400, 1.040648
0.031500, 1.022763
0.031600, 0.979950
0.031700, 0.966081
0.031800, 0.994460
0.031900, 1.026670
0.032000, 1.023608
0.032100, 0.992192
0.032200, 0.972858
0.032300, 0.988090
0.032400, 1.016753
0.032500, 1.022954
0.032600, 1.000618
0.032700, 0.978879
0.032800, 0.984363
0.032900, 1.008818
0.033000, 1.021158
0.033100, 1.006767
0.033200, 0.984645
0.033300, 0.982476
0.033400, 1.002138
0.033500, 1.018429
0.033600, 1.011243
0.033700, 0.990282
0.033800, 0.982047
0.033900, 0.996444
0.034000, 1.014931
0.034100, 1.014328
0.034200, 0.995794
0.034300, 0.982868
0.034400, 0.991648
0.034500, 1.010797
0.034600, 1.016141
0.034700, 1.001114
0.034800, 0.984801
0.034900, 0.987752
0.035000, 1.006153
0.035100, 1.016742
0.035200, 1.006154
0.035300, 0.987754
0.035400, 0.984803
0.035500, 1.001116
0.035600, 1.016142
0.035700, 1.010798
0.035800, 0.991648
0.035900, 0.982868
0.036000, 0.995793
0.036100, 1.014327
0.036200, 1.014930
0.036300, 0.996443
0.036400, 0.982047
0.036500, 0.990281
0.036600, 1.011243
0.036700, 1.018428
0.036800, 1.002137
0.036900, 0.982473
0.037000, 0.984640
0.037100, 1.006761
0.037200, 1.021153
0.037300, 1.008816
0.037400, 0.984363
0.037500, 0.978880
0.037600, 1.000619
0.037700, 1.022955
0.037800, 1.016753
0.037900, 0.988090
0.038000, 0.972858
0.038100, 0.992192
0.038200, 1.023610
0.038300, 1.026674
0.038400, 0.994464
0.038500, 0.966084
0.038600, 0.979949
0.038700, 1.022760
0.038800, 1.040646
0.038900, 1.005562
0.039000, 0.956815
0.039100, 0.959187
0.039200, 1.019727
0.039300, 1.066348
0.039400, 1.028710
0.039500, 0.936214
0.039600, 0.907515
0.039700, 1.015402
0.039800, 1.161527
0.039900, 1.113602
0.040000, 0.015351
0.040100, -0.000000
0.040200, -0.015351
0.040300, -0.029465
0.040400, -0.042689
0.040500, -0.056540
0.040600, -0.071813
0.040700, -0.087592
0.040800, -0.102415
0.040900, -0.116148
0.041000, -0.130196
0.041100, -0.145760
0.041200, -0.162330
0.041300, -0.178326
0.041400, -0.193116
0.041500, -0.207872
0.041600, -0.224145
0.041700, -0.241922
0.041800, -0.259618
0.041900, -0.276092
0.042000, -0.292160
0.042100, -0.309656
0.042200, -0.329148
0.042300, -0.349187
0.042400, -0.368119
0.042500, -0.386262
0.042600, -0.405644
0.042700, -0.427523
0.042800, -0.450752
0.042900, -0.473167
0.043000, -0.494405
0.043100, -0.516580
0.043200, -0.541784
0.043300, -0.569408
0.043400, -0.596780
0.043500, -0.622581
0.043600, -0.648848
0.043700, -0.678766
0.043800, -0.712675
0.043900, -0.747361
0.044000, -0.780022
0.044100, -0.812331
0.044200, -0.849168
0.044300, -0.892777
0.044400, -0.939295
0.044500, -0.982926
0.044600, -1.024065
0.044700, -1.071540
0.044800, -1.133832
0.044900, -1.206249
0.045000, -1.267497
0.045100, -1.291775
0.045200, -1.267496
0.045300, -1.206247
0.045400, -1.133830
0.045500, -1.071539
0.045600, -1.024065
0.045700, -0.982926
0.045800, -0.939295
0.045900, -0.892776
0.046000, -0.849167
0.046100, -0.812330
0.046200, -0.780022
0.046300, -0.747361
0.046400, -0.712675
0.046500, -0.678765
0.046600, -0.648847
0.046700, -0.622580
0.046800, -0.596780
0.046900, -0.569408
0.047000, -0.541784
0.047100, -0.516581
0.047200, -0.494406
0.047300, -0.473167
0.047400, -0.450752
0.047500, -0.427524
0.047600, -0.405645
0.047700, -0.386262
0.047800, -0.368120
0.047900, -0.349188
0.048000, -0.329149
0.048100, -0.309656
0.048200, -0.292160
0.048300, -0.276092
0.048400, -0.259618
0.048500, -0.241921
0.048600, -0.224144
0.048700, -0.207871
0.048800, -0.193116
0.048900, -0.178326
0.049000, -0.162329
0.049100, -0.145759
0.049200, -0.130195
0.049300, -0.116147
0.049400, -0.102413
0.049500, -0.087591
0.049600, -0.071813
0.049700, -0.056539
0.049800, -0.042688
0.049900, -0.029465
0.050000, -0.015351
0.050100, 0.000000
0.050200, 0.015351
0.050300, 0.029465
0.050400, 0.042689
0.050500, 0.056540
0.050600, 0.071814
0.050700, 0.087592
0.050800, 0.102415
0.050900, 0.116148
0.051000, 0.130196
0.051100, 0.145760
0.051200, 0.162330
0.051300, 0.178327
0.051400, 0.193117
0.051500, 0.207872
0.051600, 0.224145
0.051700, 0.241922
0.051800, 0.259618
0.051900, 0.276093
0.052000, 0.292160
0.052100, 0.309656
0.052200, 0.329148
0.052300, 0.349187
0.052400, 0.368119
0.052500, 0.386262
0.052600, 0.405644
0.052700, 0.427523
0.052800, 0.450752
0.052900, 0.473167
0.053000, 0.494405
0.053100, 0.516580
0.053200, 0.541784
0.053300, 0.569408
0.053400, 0.596780
0.053500, 0.622581
0.053600, 0.648848
0.053700, 0.678766
0.053800, 0.712675
0.053900, 0.747361
0.054000, 0.780022
0.054100, 0.812331
0.054200, 0.849168
0.054300, 0.892777
0.054400, 0.939295
0.054500, 0.982926
0.054600, 1.024066
0.054700, 1.071540
0.054800, 1.133832
0.054900, 1.206249
0.055000, 1.267497
0.055100, 1.291775
0.055200, 1.267496
0.055300, 1.206247
0.055400, 1.133830
0.055500, 1.071539
0.055600, 1.024065
0.055700, 0.982926
0.055800, 0.939295
0.055900, 0.892776
0.056000, 0.849167
0.056100, 0.812330
0.056200, 0.780022
0.056300, 0.747361
0.056400, 0.712675
0.056500, 0.678765
0.056600, 0.648847
0.056700, 0.622580
0.056800, 0.596780
0.056900, 0.569409
0.057000, 0.541784
0.057100, 0.516581
0.057200, 0.494406
0.057300, 0.473167
0.057400, 0.450752
0.057500, 0.427524
0.057600, 0.405645
0.057700, 0.386263
0.057800, 0.368120
0.057900, 0.349188
0.058000, 0.329149
0.058100, 0.309656
0.058200, 0.292160
0.058300, 0.276092
0.058400, 0.259617
0.058500, 0.241921
0.058600, 0.224144
0.058700, 0.207871
0.058800, 0.193116
0.058900, 0.178326
0.059000, 0.162329
0.059100, 0.145759
0.059200, 0.130195
0.059300, 0.116147
0.059400, 0.102413
0.059500, 0.087591
0.059600, 0.071812
0.059700, 0.056539
0.059800, 0.042688
0.059900, 0.029465
0.060000, 0.015350
0.060100, -0.000000
0.060200, -0.015351
0.060300, -0.029465
0.060400, -0.042689
0.060500, -0.056540
0.060600, -0.071814
0.060700, -0.087592
0.060800, -0.102415
0.060900, -0.116148
0.061000, -0.130196
0.061100, -0.145760
0.061200, -0.162330
0.061300, -0.178327
0.061400, -0.193117
0.061500, -0.207872
0.061600, -0.224145
0.061700, -0.241922
0.061800, -0.259618
0.061900, -0.276093
0.062000, -0.292160
0.062100, -0.309656
0.062200, -0.329148
0.062300, -0.349187
0.062400, -0.368119
0.062500, -0.386261
0.062600, -0.405644
0.062700, -0.427523
0.062800, -0.450751
0.062900, -0.473167
0.063000, -0.494405
0.063100, -0.516580
0.063200, -0.541784
0.063300, -0.569408
0.063400, -0.596780
0.063500, -0.622581
0.063600, -0.648848
0.063700, -0.678766
0.063800, -0.712675
0.063900, -0.747361
0.064000, -0.780023
0.064100, -0.812331
0.064200, -0.849168
0.064300, -0.892777
0.064400, -0.939296
0.064500, -0.982926
0.064600, -1.024066
0.064700, -1.071540
0.064800, -1.133832
0.064900, -1.206249
0.065000, -1.267497
0.065100, -1.291775
0.065200, -1.267496
0.065300, -1.206246
0.065400, -1.133830
0.065500, -1.071538
0.065600, -1.024065
0.065700, -0.982926
0.065800, -0.939295
0.065900, -0.892776
0.066000, -0.849167
0.066100, -0.812330
0.066200, -0.780022
0.066300, -0.747361
0.066400, -0.712675
0.066500, -0.678765
0.066600, -0.648847
0.066700, -0.622580
0.066800, -0.596780
0.066900, -0.569409
0.067000, -0.541784
0.067100, -0.516581
0.067200, -0.494406
0.067300, -0.473167
0.067400, -0.450752
0.067500, -0.427524
0.067600, -0.405645
0.067700, -0.386263
0.067800, -0.368120
0.067900, -0.349188
0.068000, -0.329149
0.068100, -0.309656
0.068200, -0.292160
0.068300, -0.276092
0.068400, -0.259617
0.068500, -0.241921
0.068600, -0.224144
0.068700, -0.207871
0.068800, -0.193115
0.068900, -0.178326
0.069000, -0.162329
0.069100, -0.145759
0.069200, -0.130195
0.069300, -0.116147
0.069400, -0.102413
0.069500, -0.087591
0.069600, -0.071812
0.069700, -0.056539
0.069800, -0.042688
0.069900, -0.029465
0.070000, -0.015350
0.070100, 0.000000
0.070200, 0.015351
0.070300, 0.029465
0.070400, 0.042689
0.070500, 0.056540
0.070600, 0.071814
0.070700, 0.087592
0.070800, 0.102415
0.070900, 0.116149
0.071000, 0.130196
0.071100, 0.145760
0.071200, 0.162330
0.071300, 0.178327
0.071400, 0.193117
0.071500, 0.207872
0.071600, 0.224146
0.071700, 0.241922
0.071800, 0.259619
0.071900, 0.276093
0.072000, 0.292160
0.072100, 0.309656
0.072200, 0.329148
0.072300, 0.349187
0.072400, 0.368119
0.072500, 0.386261
0.072600, 0.405644
0.072700, 0.427523
0.072800, 0.450751
0.072900, 0.473167
0.073000, 0.494405
0.073100, 0.516580
0.073200, 0.541784
0.073300, 0.569408
0.073400, 0.596780
0.073500, 0.622581
0.073600, 0.648848
0.073700, 0.678766
0.073800, 0.712675
0.073900, 0.747361
0.074000, 0.780022
0.074100, 0.812331
0.074200, 0.849168
0.074300, 0.892777
0.074400, 0.939296
0.074500, 0.982926
0.074600, 1.024066
0.074700, 1.071540
0.074800, 1.133832
0.074900, 1.206249
0.075000, 1.267497
0.075100, 1.291775
0.075200, 1.267496
0.075300, 1.206246
0.075400, 1.133829
0.075500, 1.071538
0.075600, 1.024065
0.075700, 0.982926
0.075800, 0.939295
0.075900, 0.892775
0.076000, 0.849167
0.076100, 0.812330
0.076200, 0.780022
0.076300, 0.747361
0.076400, 0.712675
0.076500, 0.678765
0.076600, 0.648847
0.076700, 0.622580
0.076800, 0.596780
0.076900, 0.569409
0.077000, 0.541784
0.077100, 0.516581
0.077200, 0.494406
0.077300, 0.473168
0.077400, 0.450752
0.077500, 0.427524
0.077600, 0.405645
0.077700, 0.386263
0.077800, 0.368120
0.077900, 0.349188
0.078000, 0.329149
0.078100, 0.309656
0.078200, 0.292160
0.078300, 0.276092
0.078400, 0.259617
0.078500, 0.241921
0.078600, 0.224144
0.078700, 0.207871
0.078800, 0.193115
0.078900, 0.178325
0.079000, 0.162329
0.079100, 0.145758
0.079200, 0.130195
0.079300, 0.116147
0.079400, 0.102413
0.079500, 0.087590
0.079600, 0.071812
0.079700, 0.056539
0.079800, 0.042688
0.079900, 0.035360
0.080000, 0.019385
0.080100, -0.000002
0.080200, -0.019388
0.080300, -0.035361
0.080400, -0.045747
0.080500, -0.050398
0.080600, -0.051251
0.080700, -0.051625
0.080800, -0.055023
0.080900, -0.063859
0.081000, -0.078577
0.081100, -0.097483
0.081200, -0.117352
0.081300, -0.134591
0.081400, -0.146547
0.081500, -0.152473
0.081600, -0.153814
0.081700, -0.153696
0.081800, -0.155799
0.081900, -0.163025
0.082000, -0.176433
0.082100, -0.194836
0.082200, -0.215214
0.082300, -0.233795
0.082400, -0.247424
0.082500, -0.254715
0.082600, -0.256582
0.082700, -0.255931
0.082800, -0.256626
0.082900, -0.262092
0.083000, -0.274059
0.083100, -0.291906
0.083200, -0.312851
0.083300, -0.332933
0.083400, -0.348441
0.083500, -0.357275
0.083600, -0.359739
0.083700, -0.358476
0.083800, -0.357549
0.083900, -0.360976
0.084000, -0.371264
0.084100, -0.388458
0.084200, -0.410070
0.084300, -0.431933
0.084400, -0.449687
0.084500, -0.460376
0.084600, -0.463563
0.084700, -0.461556
0.084800, -0.458638
0.084900, -0.459546
0.085000, -0.467746
0.085100, -0.484125
0.085200, -0.506584
0.085300, -0.530718
0.085400, -0.551360
0.085500, -0.564452
0.085600, -0.568581
0.085700, -0.565590
0.085800, -0.560020
0.085900, -0.557541
0.086000, -0.562909
0.086100, -0.578170
0.086200, -0.601803
0.086300, -0.629115
0.086400, -0.653838
0.086500, -0.670366
0.086600, -0.675857
0.086700, -0.671424
0.086800, -0.661921
0.086900, -0.654354
0.087000, -0.655407
0.087100, -0.668946
0.087200, -0.694423
0.087300, -0.726804
0.087400, -0.758144
0.087500, -0.780335
0.087600, -0.788109
0.087700, -0.781194
0.087800, -0.764804
0.087900, -0.748137
0.088000, -0.741298
0.088100, -0.751618
0.088200, -0.780671
0.088300, -0.823127
0.088400, -0.868013
0.088500, -0.902180
0.088600, -0.914932
0.088700, -0.902306
0.088800, -0.869436
0.088900, -0.829960
0.089000, -0.802290
0.089100, -0.803658
0.089200, -0.843601
0.089300, -0.918968
0.089400, -1.012197
0.089500, -1.093774
0.089600, -1.128564
0.089700, -1.084537
0.089800, -0.941567
0.089900, -0.697837
0.090000, -0.371959
0.090100, 0.000006
0.090200, 0.371971
0.090300, 0.697847
0.090400, 0.941572
0.090500, 1.084539
0.090600, 1.128562
0.090700, 1.093770
0.090800, 1.012193
0.090900, 0.918964
0.091000, 0.843599
0.091100, 0.803657
0.091200, 0.802291
0.091300, 0.829961
0.091400, 0.869438
0.091500, 0.902307
0.091600, 0.914932
0.091700, 0.902179
0.091800, 0.868011
0.091900, 0.823124
0.092000, 0.780669
0.092100, 0.751615
0.092200, 0.741296
0.092300, 0.748135
0.092400, 0.764803
0.092500, 0.781195
0.092600, 0.788110
0.092700, 0.780337
0.092800, 0.758147
0.092900, 0.726808
0.093000, 0.694427
0.093100, 0.668949
0.093200, 0.655410
0.093300, 0.654356
0.093400, 0.661920
0.093500, 0.671421
0.093600, 0.675854
0.093700, 0.670362
0.093800, 0.653835
0.093900, 0.629114
0.094000, 0.601804
0.094100, 0.578174
0.094200, 0.562913
0.094300, 0.557546
0.094400, 0.560023
0.094500, 0.565591
0.094600, 0.568580
0.094700, 0.564449
0.094800, 0.551355
0.094900, 0.530714
0.095000, 0.506581
0.095100, 0.484123
0.095200, 0.467746
0.095300, 0.459548
0.095400, 0.458641
0.095500, 0.461559
0.095600, 0.463566
0.095700, 0.460378
0.095800, 0.449688
0.095900, 0.431934
0.096000, 0.410071
0.096100, 0.388459
0.096200, 0.371265
0.096300, 0.360976
0.096400, 0.357548
0.096500, 0.358473
0.096600, 0.359734
0.096700, 0.357268
0.096800, 0.348433
0.096900, 0.332924
0.097000, 0.312843
0.097100, 0.291900
0.097200, 0.274056
0.097300, 0.262091
0.097400, 0.256626
0.097500, 0.255932
0.097600, 0.256584
0.097700, 0.254716
0.097800, 0.247424
0.097900, 0.233795
0.098000, 0.215213
0.098100, 0.194836
0.098200, 0.176435
0.098300, 0.163029
0.098400, 0.155803
0.098500, 0.153700
0.098600, 0.153818
0.098700, 0.152476
0.098800, 0.146548
0.098900, 0.134591
0.099000, 0.117350
0.099100, 0.097481
0.099200, 0.078576
0.099300, 0.063859
0.099400, 0.055023
0.099500, 0.051626
0.099600, 0.051252
0.099700, 0.050399
0.099800, 0.045747
0.099900, 0.035359
0.100000, 0.019385
0.100100, -0.000002
0.100200, -0.019388
0.100300, -0.035362
0.100400, -0.045747
0.100500, -0.050398
0.100600, -0.051250
0.100700, -0.051624
0.100800, -0.055023
0.100900, -0.063859
0.101000, -0.078578
0.101100, -0.097484
0.101200, -0.117352
0.101300, -0.134591
0.101400, -0.146547
0.101500, -0.152473
0.101600, -0.153813
0.101700, -0.153695
0.101800, -0.155798
0.101900, -0.163025
0.102000, -0.176433
0.102100, -0.194835
0.102200, -0.215214
0.102300, -0.233795
0.102400, -0.247424
0.102500, -0.254715
0.102600, -0.256582
0.102700, -0.255931
0.102800, -0.256626
0.102900, -0.262092
0.103000, -0.274060
0.103100, -0.291907
0.103200, -0.312851
0.103300, -0.332934
0.103400, -0.348442
0.103500, -0.357276
0.103600, -0.359739
0.103700, -0.358477
0.103800, -0.357549
0.103900, -0.360976
0.104000, -0.371264
0.104100, -0.388458
0.104200, -0.410070
0.104300, -0.431933
0.104400, -0.449687
0.104500, -0.460376
0.104600, -0.463562
0.104700, -0.461556
0.104800, -0.458638
0.104900, -0.459546
0.105000, -0.467746
0.105100, -0.484125
0.105200, -0.506584
0.105300, -0.530719
0.105400, -0.551360
0.105500, -0.564452
0.105600, -0.568581
0.105700, -0.565590
0.105800, -0.560020
0.105900, -0.557541
0.106000, -0.562908
0.106100, -0.578170
0.106200, -0.601803
0.106300, -0.629115
0.106400, -0.653838
0.106500, -0.670366
0.106600, -0.675857
0.106700, -0.671424
0.106800, -0.661921
0.106900, -0.654354
0.107000, -0.655406
0.107100, -0.668945
0.107200, -0.694422
0.107300, -0.726804
0.107400, -0.758143
0.107500, -0.780335
0.107600, -0.788109
0.107700, -0.781195
0.107800, -0.764804
0.107900, -0.748137
0.108000, -0.741298
0.108100, -0.751618
0.108200, -0.780672
0.108300, -0.823127
0.108400, -0.868013
0.108500, -0.902180
0.108600, -0.914932
0.108700, -0.902306
0.108800, -0.869436
0.108900, -0.829960
0.109000, -0.802291
0.109100, -0.803658
0.109200, -0.843601
0.109300, -0.918969
0.109400, -1.012198
0.109500, -1.093774
0.109600, -1.128564
0.109700, -1.084537
0.109800, -0.941566
0.109900, -0.697836
0.110000, -0.371958
0.110100, 0.000008
0.110200, 0.371972
0.110300, 0.697848
0.110400, 0.941573
0.110500, 1.084539
0.110600, 1.128562
0.110700, 1.093770
0.110800, 1.012193
0.110900, 0.918964
0.111000, 0.843598
0.111100, 0.803657
0.111200, 0.802291
0.111300, 0.829962
0.111400, 0.869438
0.111500, 0.902307
0.111600, 0.914932
0.111700, 0.902179
0.111800, 0.868011
0.111900, 0.823124
0.112000, 0.780669
0.112100, 0.751615
0.112200, 0.741296
0.112300, 0.748135
0.112400, 0.764803
0.112500, 0.781194
0.112600, 0.788110
0.112700, 0.780338
0.112800, 0.758147
0.112900, 0.726808
0.113000, 0.694428
0.113100, 0.668950
0.113200, 0.655410
0.113300, 0.654356
0.113400, 0.661920
0.113500, 0.671421
0.113600, 0.675854
0.113700, 0.670362
0.113800, 0.653835
0.113900, 0.629114
0.114000, 0.601804
0.114100, 0.578174
0.114200, 0.562913
0.114300, 0.557547
0.114400, 0.560024
0.114500, 0.565591
0.114600, 0.568580
0.114700, 0.564448
0.114800, 0.551355
0.114900, 0.530713
0.115000, 0.506580
0.115100, 0.484123
0.115200, 0.467746
0.115300, 0.459548
0.115400, 0.458641
0.115500, 0.461560
0.115600, 0.463566
0.115700, 0.460378
0.115800, 0.449689
0.115900, 0.431934
0.116000, 0.410071
0.116100, 0.388459
0.116200, 0.371264
0.116300, 0.360975
0.116400, 0.357547
0.116500, 0.358473
0.116600, 0.359733
0.116700, 0.357267
0.116800, 0.348432
0.116900, 0.332923
0.117000, 0.312842
0.117100, 0.291899
0.117200, 0.274055
0.117300, 0.262090
0.117400, 0.256626
0.117500, 0.255932
0.117600, 0.256584
0.117700, 0.254716
0.117800, 0.247424
0.117900, 0.233795
0.118000, 0.215213
0.118100, 0.194836
0.118200, 0.176435
0.118300, 0.163029
0.118400, 0.155804
0.118500, 0.153701
0.118600, 0.153819
0.118700, 0.152476
0.118800, 0.146549
0.118900, 0.134591
0.119000, 0.117350
0.119100, 0.097481
0.119200, 0.078575
0.119300, 0.063859
0.119400, 0.055023
0.119500, 0.051626
0.119600, 0.051252
0.119700, 0.050399
0.119800, -0.045747
0.119900, -0.035359
0.120000, -0.019385
0.120100, 0.000002
0.120200, 0.019388
0.120300, 0.035362
0.120400, 0.045747
0.120500, 0.050398
0.120600, 0.051250
0.120700, 0.051624
0.120800, 0.055023
0.120900, 0.063859
0.121000, 0.078578
0.121100, 0.097484
0.121200, 0.117352
0.121300, 0.134591
0.121400, 0.146547
0.121500, 0.152472
0.121600, 0.153813
0.121700, 0.153694
0.121800, 0.155798
0.121900, 0.163025
0.122000, 0.176432
0.122100, 0.194835
0.122200, 0.215214
0.122300, 0.233795
0.122400, 0.247424
0.122500, 0.254715
0.122600, 0.256582
0.122700, 0.255931
0.122800, 0.256626
0.122900, 0.262092
0.123000, 0.274060
0.123100, 0.291907
0.123200, 0.312852
0.123300, 0.332935
0.123400, 0.348443
0.123500, 0.357276
0.123600, 0.359740
0.123700, 0.358477
0.123800, 0.357549
0.123900, 0.360976
0.124000, 0.371264
0.124100, 0.388458
0.124200, 0.410070
0.124300, 0.431933
0.124400, 0.449687
0.124500, 0.460376
0.124600, 0.463562
0.124700, 0.461556
0.124800, 0.458638
0.124900, 0.459546
0.125000, 0.467746
0.125100, 0.484125
0.125200, 0.506585
0.125300, 0.530719
0.125400, 0.551360
0.125500, 0.564452
0.125600, 0.568581
0.125700, 0.565590
0.125800, 0.560019
0.125900, 0.557541
0.126000, 0.562908
0.126100, 0.578170
0.126200, 0.601803
0.126300, 0.629115
0.126400, 0.653838
0.126500, 0.670366
0.126600, 0.675858
0.126700, 0.671424
0.126800, 0.661921
0.126900, 0.654354
0.127000, 0.655406
0.127100, 0.668945
0.127200, 0.694422
0.127300, 0.726803
0.127400, 0.758143
0.127500, 0.780335
0.127600, 0.788109
0.127700, 0.781195
0.127800, 0.764804
0.127900, 0.748137
0.128000, 0.741298
0.128100, 0.751618
0.128200, 0.780672
0.128300, 0.823127
0.128400, 0.868013
0.128500, 0.902180
0.128600, 0.914932
0.128700, 0.902305
0.128800, 0.869436
0.128900, 0.829959
0.129000, 0.802290
0.129100, 0.803658
0.129200, 0.843602
0.129300, 0.918969
0.129400, 1.012199
0.129500, 1.093774
0.129600, 1.128564
0.129700, 1.084537
0.129800, 0.941565
0.129900, 0.697835
0.130000, 0.371956
0.130100, -0.000009
0.130200, -0.371973
0.130300, -0.697849
0.130400, -0.941573
0.130500, -1.084540
0.130600, -1.128562
0.130700, -1.093769
0.130800, -1.012192
0.130900, -0.918963
0.131000, -0.843598
0.131100, -0.803657
0.131200, -0.802291
0.131300, -0.829962
0.131400, -0.869439
0.131500, -0.902307
0.131600, -0.914932
0.131700, -0.902179
0.131800, -0.868011
0.131900, -0.823124
0.132000, -0.780668
0.132100, -0.751615
0.132200, -0.741295
0.132300, -0.748135
0.132400, -0.764803
0.132500, -0.781194
0.132600, -0.788110
0.132700, -0.780338
0.132800, -0.758147
0.132900, -0.726809
0.133000, -0.694428
0.133100, -0.668950
0.133200, -0.655410
0.133300, -0.654356
0.133400, -0.661920
0.133500, -0.671421
0.133600, -0.675853
0.133700, -0.670362
0.133800, -0.653835
0.133900, -0.629114
0.134000, -0.601805
0.134100, -0.578174
0.134200, -0.562914
0.134300, -0.557547
0.134400, -0.560024
0.134500, -0.565591
0.134600, -0.568579
0.134700, -0.564448
0.134800, -0.551354
0.134900, -0.530713
0.135000, -0.506580
0.135100, -0.484122
0.135200, -0.467746
0.135300, -0.459548
0.135400, -0.458642
0.135500, -0.461560
0.135600, -0.463566
0.135700, -0.460379
0.135800, -0.449689
0.135900, -0.431934
0.136000, -0.410071
0.136100, -0.388459
0.136200, -0.371265
0.136300, -0.360976
0.136400, -0.357547
0.136500, -0.358473
0.136600, -0.359733
0.136700, -0.357266
0.136800, -0.348431
0.136900, -0.332922
0.137000, -0.312841
0.137100, -0.291899
0.137200, -0.274055
0.137300, -0.262090
0.137400, -0.256626
0.137500, -0.255933
0.137600, -0.256584
0.137700, -0.254716
0.137800, -0.247424
0.137900, -0.233795
0.138000, -0.215213
0.138100, -0.194836
0.138200, -0.176435
0.138300, -0.163029
0.138400, -0.155804
0.138500, -0.153702
0.138600, -0.153819
0.138700, -0.152477
0.138800, -0.146549
0.138900, -0.134591
0.139000, -0.117350
0.139100, -0.097481
0.139200, -0.078575
0.139300, -0.063858
0.139400, -0.055024
0.139500, -0.051626
0.139600, -0.051252
0.139700, -0.050399
0.139800, -0.045747
0.139900, -0.035359
0.140000, -0.019384
0.140100, 0.000002
0.140200, 0.019389
0.140300, 0.035362
0.140400, 0.045747
0.140500, 0.050398
0.140600, 0.051250
0.140700, 0.051624
0.140800, 0.055023
0.140900, 0.063860
0.141000, 0.078578
0.141100, 0.097484
0.141200, 0.117352
0.141300, 0.134592
0.141400, 0.146547
0.141500, 0.152472
0.141600, 0.153813
0.141700, 0.153694
0.141800, 0.155797
0.141900, 0.163024
0.142000, 0.176432
0.142100, 0.194835
0.142200, 0.215214
0.142300, 0.233795
0.142400, 0.247424
0.142500, 0.254715
0.142600, 0.256582
0.142700, 0.255931
0.142800, 0.256626
0.142900, 0.262093
0.143000, 0.274061
0.143100, 0.291908
0.143200, 0.312853
0.143300, 0.332936
0.143400, 0.348444
0.143500, 0.357277
0.143600, 0.359740
0.143700, 0.358477
0.143800, 0.357549
0.143900, 0.360976
0.144000, 0.371264
0.144100, 0.388458
0.144200, 0.410070
0.144300, 0.431932
0.144400, 0.449687
0.144500, 0.460375
0.144600, 0.463562
0.144700, 0.461555
0.144800, 0.458637
0.144900, 0.459545
0.145000, 0.467746
0.145100, 0.484125
0.145200, 0.506585
0.145300, 0.530720
0.145400, 0.551361
0.145500, 0.564453
0.145600, 0.568581
0.145700, 0.565590
0.145800, 0.560019
0.145900, 0.557540
0.146000, 0.562907
0.146100, 0.578169
0.146200, 0.601802
0.146300, 0.629115
0.146400, 0.653839
0.146500, 0.670367
0.146600, 0.675858
0.146700, 0.671424
0.146800, 0.661921
0.146900, 0.654354
0.147000, 0.655406
0.147100, 0.668944
0.147200, 0.694421
0.147300, 0.726803
0.147400, 0.758143
0.147500, 0.780335
0.147600, 0.788109
0.147700, 0.781194
0.147800, 0.764804
0.147900, 0.748137
0.148000, 0.741299
0.148100, 0.751619
0.148200, 0.780672
0.148300, 0.823127
0.148400, 0.868013
0.148500, 0.902180
0.148600, 0.914932
0.148700, 0.902305
0.148800, 0.869436
0.148900, 0.829959
0.149000, 0.802290
0.149100, 0.803659
0.149200, 0.843602
0.149300, 0.918970
0.149400, 1.012199
0.149500, 1.093775
0.149600, 1.128564
0.149700, 1.084537
0.149800, 0.941565
0.149900, 0.697834
0.150000, 0.371955
0.150100, -0.000011
0.150200, -0.371975
0.150300, -0.697850
0.150400, -0.941574
0.150500, -1.084540
0.150600, -1.128562
0.150700, -1.093769
0.150800, -1.012192
0.150900, -0.918963
0.151000, -0.843598
0.151100, -0.803657
0.151200, -0.802291
0.151300, -0.829962
0.151400, -0.869439
0.151500, -0.902307
0.151600, -0.914932
0.151700, -0.902179
0.151800, -0.868011
0.151900, -0.823123
0.152000, -0.780668
0.152100, -0.751615
0.152200, -0.741295
0.152300, -0.748135
0.152400, -0.764803
0.152500, -0.781194
0.152600, -0.788110
0.152700, -0.780338
0.152800, -0.758148
0.152900, -0.726809
0.153000, -0.694429
0.153100, -0.668951
0.153200, -0.655410
0.153300, -0.654356
0.153400, -0.661920
0.153500, -0.671421
0.153600, -0.675853
0.153700, -0.670361
0.153800, -0.653835
0.153900, -0.629114
0.154000, -0.601805
0.154100, -0.578175
0.154200, -0.562914
0.154300, -0.557547
0.154400, -0.560024
0.154500, -0.565591
0.154600, -0.568579
0.154700, -0.564448
0.154800, -0.551354
0.154900, -0.530712
0.155000, -0.506579
0.155100, -0.484122
0.155200, -0.467746
0.155300, -0.459548
0.155400, -0.458642
0.155500, -0.461560
0.155600, -0.463566
0.155700, -0.460379
0.155800, -0.449689
0.155900, -0.431934
0.156000, -0.410071
0.156100, -0.388459
0.156200, -0.371265
0.156300, -0.360976
0.156400, -0.357547
0.156500, -0.358472
0.156600, -0.359732
0.156700, -0.357266
0.156800, -0.348430
0.156900, -0.332921
0.157000, -0.312840
0.157100, -0.291898
0.157200, -0.274054
0.157300, -0.262090
0.157400, -0.256626
0.157500, -0.255933
0.157600, -0.256584
0.157700, -0.254716
0.157800, -0.247424
0.157900, -0.233795
0.158000, -0.215213
0.158100, -0.194836
0.158200, -0.176435
0.158300, -0.163030
0.158400, -0.155805
0.158500, -0.153702
0.158600, -0.153820
0.158700, -0.152477
0.158800, -0.146549
0.158900, -0.134591
0.159000, -0.117350
0.159100, -0.097481
0.159200, -0.078575
0.159300, -0.063858
0.159400, -0.055024
0.159500, -0.051626
0.159600, -0.051252
0.159700, -0.002061
0.159800, -0.001607
0.159900, -0.000972
0.160000, -0.000424
0.160100, 0.000001
0.160200, 0.000426
0.160300, 0.000974
0.160400, 0.001609
0.160500, 0.002063
0.160600, 0.001910
0.160700, 0.000780
0.160800, -0.001364
0.160900, -0.003978
0.161000, -0.005841
0.161100, -0.005161
0.161200, 0.000111
0.161300, 0.011830
0.161400, 0.031205
0.161500, 0.058477
0.161600, 0.092823
0.161700, 0.132536
0.161800, 0.175422
0.161900, 0.219301
0.162000, 0.262466
0.162100, 0.303977
0.162200, 0.343716
0.162300, 0.382198
0.162400, 0.420250
0.162500, 0.458643
0.162600, 0.497829
0.162700, 0.537853
0.162800, 0.578440
0.162900, 0.619205
0.163000, 0.659879
0.163100, 0.700438
0.163200, 0.741066
0.163300, 0.781959
0.163400, 0.823033
0.163500, 0.863657
0.163600, 0.902542
0.163700, 0.937854
0.163800, 0.967563
0.163900, 0.989946
0.164000, 1.004085
0.164100, 1.010217
0.164200, 1.009789
0.164300, 1.005190
0.164400, 0.999205
0.164500, 0.994356
0.164600, 0.992306
0.164700, 0.993511
0.164800, 0.997230
0.164900, 1.001882
0.165000, 1.005639
0.165100, 1.007070
0.165200, 1.005638
0.165300, 1.001882
0.165400, 0.997230
0.165500, 0.993511
0.165600, 0.992307
0.165700, 0.994358
0.165800, 0.999208
0.165900, 1.005193
0.166000, 1.009793
0.166100, 1.010220
0.166200, 1.004088
0.166300, 0.989948
0.166400, 0.967565
0.166500, 0.937855
0.166600, 0.902543
0.166700, 0.863658
0.166800, 0.823034
0.166900, 0.781960
0.167000, 0.741066
0.167100, 0.700437
0.167200, 0.659878
0.167300, 0.619203
0.167400, 0.578438
0.167500, 0.537851
0.167600, 0.497827
0.167700, 0.458641
0.167800, 0.420249
0.167900, 0.382197
0.168000, 0.343714
0.168100, 0.303975
0.168200, 0.262463
0.168300, 0.219298
0.168400, 0.175419
0.168500, 0.132533
0.168600, 0.092820
0.168700, 0.058475
0.168800, 0.031204
0.168900, 0.011829
0.169000, 0.000110
0.169100, -0.005161
0.169200, -0.005842
0.169300, -0.003979
0.169400, -0.001365
0.169500, 0.000778
0.169600, 0.001908
0.169700, 0.002061
0.169800, 0.001607
0.169900, 0.000972
0.170000, 0.000424
0.170100, -0.000001
0.170200, -0.000426
0.170300, -0.000974
0.170400, -0.001610
0.170500, -0.002063
0.170600, -0.001910
0.170700, -0.000780
0.170800, 0.001364
0.170900, 0.003978
0.171000, 0.005841
0.171100, 0.005161
0.171200, -0.000111
0.171300, -0.011830
0.171400, -0.031206
0.171500, -0.058477
0.171600, -0.092823
0.171700, -0.132536
0.171800, -0.175422
0.171900, -0.219301
0.172000, -0.262466
0.172100, -0.303977
0.172200, -0.343716
0.172300, -0.382198
0.172400, -0.420251
0.172500, -0.458643
0.172600, -0.497829
0.172700, -0.537853
0.172800, -0.578440
0.172900, -0.619205
0.173000, -0.659879
0.173100, -0.700438
0.173200, -0.741066
0.173300, -0.781959
0.173400, -0.823033
0.173500, -0.863657
0.173600, -0.902542
0.173700, -0.937854
0.173800, -0.967563
0.173900, -0.989946
0.174000, -1.004085
0.174100, -1.010217
0.174200, -1.009789
0.174300, -1.005189
0.174400, -0.999205
0.174500, -0.994356
0.174600, -0.992306
0.174700, -0.993511
0.174800, -0.997230
0.174900, -1.001882
0.175000, -1.005639
0.175100, -1.007070
0.175200, -1.005638
0.175300, -1.001882
0.175400, -0.997231
0.175500, -0.993511
0.175600, -0.992307
0.175700, -0.994358
0.175800, -0.999208
0.175900, -1.005193
0.176000, -1.009793
0.176100, -1.010220
0.176200, -1.004088
0.176300, -0.989948
0.176400, -0.967565
0.176500, -0.937855
0.176600, -0.902543
0.176700, -0.863658
0.176800, -0.823034
0.176900, -0.781960
0.177000, -0.741066
0.177100, -0.700437
0.177200, -0.659878
0.177300, -0.619203
0.177400, -0.578438
0.177500, -0.537851
0.177600, -0.497827
0.177700, -0.458641
0.177800, -0.420248
0.177900, -0.382196
0.178000, -0.343713
0.178100, -0.303975
0.178200, -0.262463
0.178300, -0.219298
0.178400, -0.175419
0.178500, -0.132533
0.178600, -0.092820
0.178700, -0.058475
0.178800, -0.031204
0.178900, -0.011829
0.179000, -0.000110
0.179100, 0.005161
0.179200, 0.005842
0.179300, 0.003979
0.179400, 0.001365
0.179500, -0.000778
0.179600, -0.001908
0.179700, -0.002061
0.179800, -0.001607
0.179900, -0.000972
0.180000, -0.000424
0.180100, 0.000001
0.180200, 0.000426
0.180300, 0.000974
0.180400, 0.001610
0.180500, 0.002063
0.180600, 0.001910
0.180700, 0.000780
0.180800, -0.001364
0.180900, -0.003978
0.181000, -0.005841
0.181100, -0.005161
0.181200, 0.000111
0.181300, 0.011830
0.181400, 0.031206
0.181500, 0.058477
0.181600, 0.092823
0.181700, 0.132536
0.181800, 0.175423
0.181900, 0.219301
0.182000, 0.262466
0.182100, 0.303977
0.182200, 0.343716
0.182300, 0.382199
0.182400, 0.420250
0.182500, 0.458643
0.182600, 0.497829
0.182700, 0.537853
0.182800, 0.578440
0.182900, 0.619205
0.183000, 0.659879
0.183100, 0.700438
0.183200, 0.741066
0.183300, 0.781959
0.183400, 0.823033
0.183500, 0.863657
0.183600, 0.902542
0.183700, 0.937854
0.183800, 0.967563
0.183900, 0.989945
0.184000, 1.004085
0.184100, 1.010217
0.184200, 1.009789
0.184300, 1.005189
0.184400, 0.999204
0.184500, 0.994356
0.184600, 0.992305
0.184700, 0.993510
0.184800, 0.997230
0.184900, 1.001882
0.185000, 1.005639
0.185100, 1.007070
0.185200, 1.005638
0.185300, 1.001882
0.185400, 0.997231
0.185500, 0.993511
0.185600, 0.992307
0.185700, 0.994358
0.185800, 0.999208
0.185900, 1.005193
0.186000, 1.009793
0.186100, 1.010220
0.186200, 1.004088
0.186300, 0.989948
0.186400, 0.967565
0.186500, 0.937855
0.186600, 0.902543
0.186700, 0.863658
0.186800, 0.823034
0.186900, 0.781960
0.187000, 0.741066
0.187100, 0.700437
0.187200, 0.659878
0.187300, 0.619203
0.187400, 0.578438
0.187500, 0.537851
0.187600, 0.497827
0.187700, 0.458641
0.187800, 0.420248
0.187900, 0.382196
0.188000, 0.343713
0.188100, 0.303975
0.188200, 0.262463
0.188300, 0.219298
0.188400, 0.175419
0.188500, 0.132533
0.188600, 0.092820
0.188700, 0.058475
0.188800, 0.031204
0.188900, 0.011829
0.189000, 0.000110
0.189100, -0.005161
0.189200, -0.005842
0.189300, -0.003979
0.189400, -0.001365
0.189500, 0.000778
0.189600, 0.001908
0.189700, 0.002061
0.189800, 0.001607
0.189900, 0.000972
0.190000, 0.000424
0.190100, -0.000001
0.190200, -0.000426
0.190300, -0.000974
0.190400, -0.001610
0.190500, -0.002063
0.190600, -0.001910
0.190700, -0.000780
0.190800, 0.001364
0.190900, 0.003978
0.191000, 0.005841
0.191100, 0.005161
0.191200, -0.000111
0.191300, -0.011830
0.191400, -0.031206
0.191500, -0.058477
0.191600, -0.092823
0.191700, -0.132536
0.191800, -0.175423
0.191900, -0.219301
0.192000, -0.262466
0.192100, -0.303978
0.192200, -0.343716
0.192300, -0.382199
0.192400, -0.420251
0.192500, -0.458643
0.192600, -0.497829
0.192700, -0.537853
0.192800, -0.578440
0.192900, -0.619205
0.193000, -0.659879
0.193100, -0.700438
0.193200, -0.741066
0.193300, -0.781959
0.193400, -0.823033
0.193500, -0.863657
0.193600, -0.902542
0.193700, -0.937854
0.193800, -0.967563
0.193900, -0.989945
0.194000, -1.004085
0.194100, -1.010217
0.194200, -1.009789
0.194300, -1.005189
0.194400, -0.999204
0.194500, -0.994356
0.194600, -0.992305
0.194700, -0.993511
0.194800, -0.997230
0.194900, -1.001883
0.195000, -1.005639
0.195100, -1.007070
0.195200, -1.005638
0.195300, -1.001882
0.195400, -0.997231
0.195500, -0.993511
0.195600, -0.992307
0.195700, -0.994358
0.195800, -0.999208
0.195900, -1.005193
0.196000, -1.009793
0.196100, -1.010221
0.196200, -1.004088
0.196300, -0.989948
0.196400, -0.967565
0.196500, -0.937855
0.196600, -0.902543
0.196700, -0.863658
0.196800, -0.823034
0.196900, -0.781960
0.197000, -0.741066
0.197100, -0.700437
0.197200, -0.659878
0.197300, -0.619203
0.197400, -0.578438
0.197500, -0.537851
0.197600, -0.497827
0.197700, -0.458641
0.197800, -0.420248
0.197900, -0.382196
0.198000, -0.343713
0.198100, -0.303975
0.198200, -0.262463
0.198300, -0.219298
0.198400, -0.175419
0.198500, -0.132533
0.198600, -0.092820
0.198700, -0.058475
0.198800, -0.031204
0.198900, -0.011829
0.199000, -0.000110
0.199100, 0.005161
0.199200, 0.005842
0.199300, 0.003979
0.199400, 0.001366
0.199500, -0.000778
0.199600, 1.685969
0.199700, 1.708851
0.199800, 1.726779
0.199900, 1.739656
0.200000, 1.747410
0.200100, 1.750000
0.200200, 1.747410
0.200300, 1.739656
0.200400, 1.726779
0.200500, 1.708850
0.200600, 1.685968
0.200700, 1.658257
0.200800, 1.625869
0.200900, 1.588978
0.201000, 1.547785
0.201100, 1.502511
0.201200, 1.453397
0.201300, 1.400705
0.201400, 1.344712
0.201500, 1.285711
0.201600, 1.224007
0.201700, 1.159917
0.201800, 1.093765
0.201900, 1.025883
0.202000, 0.956606
0.202100, 0.886270
0.202200, 0.815212
0.202300, 0.743764
0.202400, 0.672255
0.202500, 0.601006
0.202600, 0.530329
0.202700, 0.460522
0.202800, 0.391873
0.202900, 0.324655
0.203000, 0.259122
0.203100, 0.195511
0.203200, 0.134040
0.203300, 0.074906
0.203400, 0.018286
0.203500, -0.035669
0.203600, -0.086826
0.203700, -0.135081
0.203800, -0.180348
0.203900, -0.222569
0.204000, -0.261706
0.204100, -0.297748
0.204200, -0.330703
0.204300, -0.360602
0.204400, -0.387499
0.204500, -0.411466
0.204600, -0.432594
0.204700, -0.450992
0.204800, -0.466785
0.204900, -0.480114
0.205000, -0.491132
0.205100, -0.500002
0.205200, -0.506899
0.205300, -0.512004
0.205400, -0.515506
0.205500, -0.517595
0.205600, -0.518467
0.205700, -0.518314
0.205800, -0.517331
0.205900, -0.515707
0.206000, -0.513628
0.206100, -0.511272
0.206200, -0.508810
0.206300, -0.506403
0.206400, -0.504202
0.206500, -0.502346
0.206600, -0.500961
0.206700, -0.500160
0.206800, -0.500042
0.206900, -0.500688
0.207000, -0.502166
0.207100, -0.504529
0.207200, -0.507813
0.207300, -0.512037
0.207400, -0.517208
0.207500, -0.523313
0.207600, -0.530329
0.207700, -0.538216
0.207800, -0.546923
0.207900, -0.556383
0.208000, -0.566522
0.208100, -0.577253
0.208200, -0.588481
0.208300, -0.600104
0.208400, -0.612011
0.208500, -0.624090
0.208600, -0.636221
0.208700, -0.648286
0.208800, -0.660165
0.208900, -0.671736
0.209000, -0.682884
0.209100, -0.693493
0.209200, -0.703457
0.209300, -0.712671
0.209400, -0.721041
0.209500, -0.728480
0.209600, -0.734911
0.209700, -0.740267
0.209800, -0.744491
0.209900, -0.747541
0.210000, -0.749384
0.210100, -0.750000
0.210200, -0.749384
0.210300, -0.747541
0.210400, -0.744492
0.210500, -0.740268
0.210600, -0.734912
0.210700, -0.728482
0.210800, -0.721043
0.210900, -0.712673
0.211000, -0.703459
0.211100, -0.693495
0.211200, -0.682885
0.211300, -0.671738
0.211400, -0.660167
0.211500, -0.648289
0.211600, -0.636224
0.211700, -0.624092
0.211800, -0.612014
0.211900, -0.600106
0.212000, -0.588484
0.212100, -0.577255
0.212200, -0.566524
0.212300, -0.556385
0.212400, -0.546925
0.212500, -0.538218
0.212600, -0.530331
0.212700, -0.523315
0.212800, -0.517209
0.212900, -0.512039
0.213000, -0.507814
0.213100, -0.504530
0.213200, -0.502167
0.213300, -0.500688
0.213400, -0.500042
0.213500, -0.500160
0.213600, -0.500961
0.213700, -0.502345
0.213800, -0.504201
0.213900, -0.506401
0.214000, -0.508808
0.214100, -0.511270
0.214200, -0.513626
0.214300, -0.515705
0.214400, -0.517329
0.214500, -0.518312
0.214600, -0.518464
0.214700, -0.517592
0.214800, -0.515502
0.214900, -0.512001
0.215000, -0.506895
0.215100, -0.499998
0.215200, -0.491128
0.215300, -0.480110
0.215400, -0.466781
0.215500, -0.450987
0.215600, -0.432589
0.215700, -0.411461
0.215800, -0.387495
0.215900, -0.360598
0.216000, -0.330698
0.216100, -0.297743
0.216200, -0.261702
0.216300, -0.222564
0.216400, -0.180344
0.216500, -0.135076
0.216600, -0.086822
0.216700, -0.035664
0.216800, 0.018290
0.216900, 0.074911
0.217000, 0.134044
0.217100, 0.195515
0.217200, 0.259125
0.217300, 0.324659
0.217400, 0.391877
0.217500, 0.460525
0.217600, 0.530332
0.217700, 0.601009
0.217800, 0.672258
0.217900, 0.743767
0.218000, 0.815214
0.218100, 0.886273
0.218200, 0.956608
0.218300, 1.025885
0.218400, 1.093767
0.218500, 1.159919
0.218600, 1.224009
0.218700, 1.285712
0.218800, 1.344713
0.218900, 1.400706
0.219000, 1.453398
0.219100, 1.502512
0.219200, 1.547786
0.219300, 1.588979
0.219400, 1.625870
0.219500, 1.658258
0.219600, 1.685968
0.219700, 1.708851
0.219800, 1.726779
0.219900, 1.739656
0.220000, 1.747410
0.220100, 1.750000
0.220200, 1.747410
0.220300, 1.739656
0.220400, 1.726779
0.220500, 1.708850
0.220600, 1.685968
0.220700, 1.658257
0.220800, 1.625869
0.220900, 1.588978
0.221000, 1.547785
0.221100, 1.502511
0.221200, 1.453397
0.221300, 1.400705
0.221400, 1.344712
0.221500, 1.285711
0.221600, 1.224007
0.221700, 1.159917
0.221800, 1.093765
0.221900, 1.025883
0.222000, 0.956606
0.222100, 0.886270
0.222200, 0.815212
0.222300, 0.743764
0.222400, 0.672255
0.222500, 0.601006
0.222600, 0.530328
0.222700, 0.460522
0.222800, 0.391873
0.222900, 0.324655
0.223000, 0.259121
0.223100, 0.195511
0.223200, 0.134040
0.223300, 0.074906
0.223400, 0.018286
0.223500, -0.035669
0.223600, -0.086827
0.223700, -0.135081
0.223800, -0.180348
0.223900, -0.222569
0.224000, -0.261707
0.224100, -0.297748
0.224200, -0.330703
0.224300, -0.360603
0.224400, -0.387499
0.224500, -0.411466
0.224600, -0.432594
0.224700, -0.450992
0.224800, -0.466785
0.224900, -0.480114
0.225000, -0.491132
0.225100, -0.500002
0.225200, -0.506899
0.225300, -0.512004
0.225400, -0.515506
0.225500, -0.517595
0.225600, -0.518467
0.225700, -0.518314
0.225800, -0.517331
0.225900, -0.515708
0.226000, -0.513628
0.226100, -0.511272
0.226200, -0.508810
0.226300, -0.506403
0.226400, -0.504202
0.226500, -0.502346
0.226600, -0.500961
0.226700, -0.500160
0.226800, -0.500042
0.226900, -0.500688
0.227000, -0.502166
0.227100, -0.504529
0.227200, -0.507813
0.227300, -0.512037
0.227400, -0.517208
0.227500, -0.523313
0.227600, -0.530329
0.227700, -0.538216
0.227800, -0.546923
0.227900, -0.556383
0.228000, -0.566522
0.228100, -0.577253
0.228200, -0.588481
0.228300, -0.600104
0.228400, -0.612011
0.228500, -0.624090
0.228600, -0.636221
0.228700, -0.648286
0.228800, -0.660164
0.228900, -0.671736
0.229000, -0.682884
0.229100, -0.693493
0.229200, -0.703457
0.229300, -0.712671
0.229400, -0.721041
0.229500, -0.728480
0.229600, -0.734911
0.229700, -0.740267
0.229800, -0.744491
0.229900, -0.747541
0.230000, -0.749384
0.230100, -0.750000
0.230200, -0.749384
0.230300, -0.747541
0.230400, -0.744492
0.230500, -0.740268
0.230600, -0.734912
0.230700, -0.728482
0.230800, -0.721043
0.230900, -0.712673
0.231000, -0.703459
0.231100, -0.693495
0.231200, -0.682886
0.231300, -0.671738
0.231400, -0.660167
0.231500, -0.648289
0.231600, -0.636224
0.231700, -0.624092
0.231800, -0.612014
0.231900, -0.600106
0.232000, -0.588484
0.232100, -0.577255
0.232200, -0.566524
0.232300, -0.556385
0.232400, -0.546925
0.232500, -0.538218
0.232600, -0.530331
0.232700, -0.523315
0.232800, -0.517209
0.232900, -0.512039
0.233000, -0.507814
0.233100, -0.504530
0.233200, -0.502167
0.233300, -0.500688
0.233400, -0.500042
0.233500, -0.500160
0.233600, -0.500961
0.233700, -0.502345
0.233800, -0.504201
0.233900, -0.506401
0.234000, -0.508808
0.234100, -0.511270
0.234200, -0.513626
0.234300, -0.515705
0.234400, -0.517329
0.234500, -0.518311
0.234600, -0.518463
0.234700, -0.517592
0.234800, -0.515502
0.234900, -0.512001
0.235000, -0.506895
0.235100, -0.499998
0.235200, -0.491127
0.235300, -0.480110
0.235400, -0.466781
0.235500, -0.450987
0.235600, -0.432589
0.235700, -0.411461
0.235800, -0.387495
0.235900, -0.360598
0.236000, -0.330698
0.236100, -0.297743
0.236200, -0.261702
0.236300, -0.222564
0.236400, -0.180343
0.236500, -0.135076
0.236600, -0.086822
0.236700, -0.035664
0.236800, 0.018290
0.236900, 0.074911
0.237000, 0.134044
0.237100, 0.195515
0.237200, 0.259126
0.237300, 0.324659
0.237400, 0.391877
0.237500, 0.460525
0.237600, 0.530332
0.237700, 0.601010
0.237800, 0.672259
0.237900, 0.743767
0.238000, 0.815215
0.238100, 0.886273
0.238200, 0.956608
0.238300, 1.025886
0.238400, 1.093767
0.238500, 1.159919
0.238600, 1.224009
0.238700, 1.285712
0.238800, 1.344714
0.238900, 1.400706
0.239000, 1.453398
0.239100, 1.502512
0.239200, 1.547786
0.239300, 1.588979
0.239400, 1.625869
0.239500, -0.306317
0.239600, -0.289409
0.239700, -0.275379
0.239800, -0.264345
0.239900, -0.256398
0.240000, -0.251603
0.240100, -0.250000
0.240200, -0.251603
0.240300, -0.256397
0.240400, -0.264345
0.240500, -0.275379
0.240600, -0.289408
0.240700, -0.306317
0.240800, -0.325964
0.240900, -0.348187
0.241000, -0.372802
0.241100, -0.399601
0.241200, -0.428364
0.241300, -0.458847
0.241400, -0.490796
0.241500, -0.523942
0.241600, -0.558005
0.241700, -0.592695
0.241800, -0.627718
0.241900, -0.662771
0.242000, -0.697554
0.242100, -0.731762
0.242200, -0.765097
0.242300, -0.797261
0.242400, -0.827965
0.242500, -0.856929
0.242600, -0.883883
0.242700, -0.908570
0.242800, -0.930748
0.242900, -0.950191
0.243000, -0.966691
0.243100, -0.980058
0.243200, -0.990125
0.243300, -0.996745
0.243400, -0.999795
0.243500, -0.999174
0.243600, -0.994805
0.243700, -0.986637
0.243800, -0.974642
0.243900, -0.958816
0.244000, -0.939180
0.244100, -0.915780
0.244200, -0.888683
0.244300, -0.857980
0.244400, -0.823783
0.244500, -0.786226
0.244600, -0.745460
0.244700, -0.701656
0.244800, -0.654999
0.244900, -0.605693
0.245000, -0.553951
0.245100, -0.499999
0.245200, -0.444075
0.245300, -0.386421
0.245400, -0.327286
0.245500, -0.266926
0.245600, -0.205595
0.245700, -0.143549
0.245800, -0.081042
0.245900, -0.018325
0.246000, 0.044357
0.246100, 0.106765
0.246200, 0.168669
0.246300, 0.229849
0.246400, 0.290097
0.246500, 0.349215
0.246600, 0.407022
0.246700, 0.463349
0.246800, 0.518044
0.246900, 0.570969
0.247000, 0.622003
0.247100, 0.671044
0.247200, 0.718004
0.247300, 0.762813
0.247400, 0.805418
0.247500, 0.845783
0.247600, 0.883887
0.247700, 0.919723
0.247800, 0.953302
0.247900, 0.984645
0.248000, 1.013790
0.248100, 1.040783
0.248200, 1.065682
0.248300, 1.088554
0.248400, 1.109474
0.248500, 1.128525
0.248600, 1.145793
0.248700, 1.161369
0.248800, 1.175346
0.248900, 1.187818
0.249000, 1.198879
0.249100, 1.208621
0.249200, 1.217132
0.249300, 1.224496
0.249400, 1.230793
0.249500, 1.236095
0.249600, 1.240466
0.249700, 1.243963
0.249800, 1.246633
0.249900, 1.248513
0.250000, 1.249630
0.250100, 1.250000
0.250200, 1.249629
0.250300, 1.248512
0.250400, 1.246632
0.250500, 1.243961
0.250600, 1.240464
0.250700, 1.236092
0.250800, 1.230790
0.250900, 1.224493
0.251000, 1.217128
0.251100, 1.208617
0.251200, 1.198875
0.251300, 1.187814
0.251400, 1.175341
0.251500, 1.161364
0.251600, 1.145788
0.251700, 1.128520
0.251800, 1.109469
0.251900, 1.088548
0.252000, 1.065676
0.252100, 1.040777
0.252200, 1.013784
0.252300, 0.984639
0.252400, 0.953295
0.252500, 0.919717
0.252600, 0.883880
0.252700, 0.845777
0.252800, 0.805412
0.252900, 0.762807
0.253000, 0.717998
0.253100, 0.671038
0.253200, 0.621997
0.253300, 0.570963
0.253400, 0.518039
0.253500, 0.463344
0.253600, 0.407017
0.253700, 0.349211
0.253800, 0.290092
0.253900, 0.229845
0.254000, 0.168665
0.254100, 0.106761
0.254200, 0.044353
0.254300, -0.018328
0.254400, -0.081045
0.254500, -0.143552
0.254600, -0.205597
0.254700, -0.266928
0.254800, -0.327289
0.254900, -0.386422
0.255000, -0.444076
0.255100, -0.500001
0.255200, -0.553952
0.255300, -0.605694
0.255400, -0.655000
0.255500, -0.701656
0.255600, -0.745461
0.255700, -0.786227
0.255800, -0.823784
0.255900, -0.857980
0.256000, -0.888683
0.256100, -0.915780
0.256200, -0.939180
0.256300, -0.958816
0.256400, -0.974642
0.256500, -0.986637
0.256600, -0.994805
0.256700, -0.999174
0.256800, -0.999795
0.256900, -0.996745
0.257000, -0.990125
0.257100, -0.980058
0.257200, -0.966691
0.257300, -0.950191
0.257400, -0.930749
0.257500, -0.908571
0.257600, -0.883884
0.257700, -0.856930
0.257800, -0.827965
0.257900, -0.797261
0.258000, -0.765097
0.258100, -0.731763
0.258200, -0.697554
0.258300, -0.662772
0.258400, -0.627718
0.258500, -0.592696
0.258600, -0.558006
0.258700, -0.523943
0.258800, -0.490797
0.258900, -0.458848
0.259000, -0.428364
0.259100, -0.399602
0.259200, -0.372802
0.259300, -0.348188
0.259400, -0.325965
0.259500, -0.306317
0.259600, -0.289409
0.259700, -0.275379
0.259800, -0.264345
0.259900, -0.256398
0.260000, -0.251603
0.260100, -0.250000
0.260200, -0.251603
0.260300, -0.256397
0.260400, -0.264345
0.260500, -0.275379
0.260600, -0.289408
0.260700, -0.306317
0.260800, -0.325964
0.260900, -0.348187
0.261000, -0.372802
0.261100, -0.399601
0.261200, -0.428364
0.261300, -0.458847
0.261400, -0.490796
0.261500, -0.523942
0.261600, -0.558005
0.261700, -0.592695
0.261800, -0.627718
0.261900, -0.662771
0.262000, -0.697554
0.262100, -0.731762
0.262200, -0.765097
0.262300, -0.797261
0.262400, -0.827965
0.262500, -0.856929
0.262600, -0.883883
0.262700, -0.908571
0.262800, -0.930748
0.262900, -0.950191
0.263000, -0.966690
0.263100, -0.980058
0.263200, -0.990125
0.263300, -0.996745
0.263400, -0.999795
0.263500, -0.999174
0.263600, -0.994805
0.263700, -0.986637
0.263800, -0.974642
0.263900, -0.958816
0.264000, -0.939180
0.264100, -0.915780
0.264200, -0.888683
0.264300, -0.857980
0.264400, -0.823783
0.264500, -0.786226
0.264600, -0.745460
0.264700, -0.701656
0.264800, -0.654999
0.264900, -0.605693
0.265000, -0.553950
0.265100, -0.499999
0.265200, -0.444075
0.265300, -0.386421
0.265400, -0.327286
0.265500, -0.266926
0.265600, -0.205595
0.265700, -0.143549
0.265800, -0.081042
0.265900, -0.018325
0.266000, 0.044357
0.266100, 0.106765
0.266200, 0.168669
0.266300, 0.229849
0.266400, 0.290097
0.266500, 0.349216
0.266600, 0.407023
0.266700, 0.463350
0.266800, 0.518044
0.266900, 0.570969
0.267000, 0.622003
0.267100, 0.671044
0.267200, 0.718004
0.267300, 0.762813
0.267400, 0.805419
0.267500, 0.845783
0.267600, 0.883887
0.267700, 0.919723
0.267800, 0.953302
0.267900, 0.984646
0.268000, 1.013790
0.268100, 1.040783
0.268200, 1.065682
0.268300, 1.088554
0.268400, 1.109475
0.268500, 1.128525
0.268600, 1.145793
0.268700, 1.161369
0.268800, 1.175346
0.268900, 1.187819
0.269000, 1.198879
0.269100, 1.208621
0.269200, 1.217132
0.269300, 1.224496
0.269400, 1.230793
0.269500, 1.236095
0.269600, 1.240466
0.269700, 1.243963
0.269800, 1.246633
0.269900, 1.248513
0.270000, 1.249630
0.270100, 1.250000
0.270200, 1.249629
0.270300, 1.248512
0.270400, 1.246631
0.270500, 1.243961
0.270600, 1.240464
0.270700, 1.236092
0.270800, 1.230790
0.270900, 1.224493
0.271000, 1.217128
0.271100, 1.208616
0.271200, 1.198875
0.271300, 1.187813
0.271400, 1.175341
0.271500, 1.161364
0.271600, 1.145788
0.271700, 1.128519
0.271800, 1.109468
0.271900, 1.088548
0.272000, 1.065675
0.272100, 1.040776
0.272200, 1.013784
0.272300, 0.984639
0.272400, 0.953295
0.272500, 0.919716
0.272600, 0.883880
0.272700, 0.845777
0.272800, 0.805412
0.272900, 0.762807
0.273000, 0.717998
0.273100, 0.671038
0.273200, 0.621997
0.273300, 0.570963
0.273400, 0.518038
0.273500, 0.463344
0.273600, 0.407017
0.273700, 0.349211
0.273800, 0.290092
0.273900, 0.229845
0.274000, 0.168665
0.274100, 0.106761
0.274200, 0.044353
0.274300, -0.018328
0.274400, -0.081045
0.274500, -0.143552
0.274600, -0.205598
0.274700, -0.266928
0.274800, -0.327289
0.274900, -0.386423
0.275000, -0.444076
0.275100, -0.500001
0.275200, -0.553952
0.275300, -0.605694
0.275400, -0.655000
0.275500, -0.701656
0.275600, -0.745461
0.275700, -0.786227
0.275800, -0.823784
0.275900, -0.857980
0.276000, -0.888683
0.276100, -0.915780
0.276200, -0.939180
0.276300, -0.958816
0.276400, -0.974642
0.276500, -0.986637
0.276600, -0.994805
0.276700, -0.999174
0.276800, -0.999795
0.276900, -0.996745
0.277000, -0.990125
0.277100, -0.980058
0.277200, -0.966691
0.277300, -0.950191
0.277400, -0.930749
0.277500, -0.908571
0.277600, -0.883884
0.277700, -0.856930
0.277800, -0.827966
0.277900, -0.797261
0.278000, -0.765097
0.278100, -0.731763
0.278200, -0.697554
0.278300, -0.662772
0.278400, -0.627718
0.278500, -0.592696
0.278600, -0.558006
0.278700, -0.523943
0.278800, -0.490797
0.278900, -0.458848
0.279000, -0.428364
0.279100, -0.399602
0.279200, -0.372802
0.279300, -0.348188
0.279400, 1.028699
0.279500, 0.936215
0.279600, 0.907528
0.279700, 1.015419
0.279800, 1.161533
0.279900, 1.113589
0.280000, 0.702336
0.280100, -0.000046
0.280200, -0.702411
0.280300, -1.113621
0.280400, -1.161518
0.280500, -1.015380
0.280600, -0.907497
0.280700, -0.936213
0.280800, -1.028724
0.280900, -1.066363
0.281000, -1.019729
0.281100, -0.959174
0.281200, -0.956799
0.281300, -1.005556
0.281400, -1.040654
0.281500, -1.022772
0.281600, -0.979952
0.281700, -0.966072
0.281800, -0.994444
0.281900, -1.026656
0.282000, -1.023601
0.282100, -0.992191
0.282200, -0.972860
0.282300, -0.988091
0.282400, -1.016753
0.282500, -1.022952
0.282600, -1.000615
0.282700, -0.978876
0.282800, -0.984363
0.282900, -1.008826
0.283000, -1.021175
0.283100, -1.006788
0.283200, -0.984664
0.283300, -0.982488
0.283400, -1.002143
0.283500, -1.018430
0.283600, -1.011244
0.283700, -0.990283
0.283800, -0.982049
0.283900, -0.996446
0.284000, -1.014935
0.284100, -1.014333
0.284200, -0.995799
0.284300, -0.982870
0.284400, -0.991646
0.284500, -1.010794
0.284600, -1.016137
0.284700, -1.001109
0.284800, -0.984794
0.284900, -0.987744
0.285000, -1.006147
0.285100, -1.016742
0.285200, -1.006159
0.285300, -0.987761
0.285400, -0.984810
0.285500, -1.001121
0.285600, -1.016147
0.285700, -1.010802
0.285800, -0.991650
0.285900, -0.982866
0.286000, -0.995788
0.286100, -1.014322
0.286200, -1.014926
0.286300, -0.996440
0.286400, -0.982045
0.286500, -0.990280
0.286600, -1.011242
0.286700, -1.018427
0.286800, -1.002132
0.286900, -0.982462
0.287000, -0.984622
0.287100, -1.006741
0.287200, -1.021136
0.287300, -1.008808
0.287400, -0.984362
0.287500, -0.978884
0.287600, -1.000623
0.287700, -1.022957
0.287800, -1.016753
0.287900, -0.988088
0.288000, -0.972856
0.288100, -0.992193
0.288200, -1.023618
0.288300, -1.026688
0.288400, -0.994481
0.288500, -0.966093
0.288600, -0.979947
0.288700, -1.022751
0.288800, -1.040640
0.288900, -1.005566
0.289000, -0.956828
0.289100, -0.959197
0.289200, -1.019725
0.289300, -1.066337
0.289400, -1.028699
0.289500, -0.936215
0.289600, -0.907529
0.289700, -1.015420
0.289800, -1.161533
0.289900, -1.113588
0.290000, -0.702335
0.290100, 0.000048
0.290200, 0.702412
0.290300, 1.113621
0.290400, 1.161518
0.290500, 1.015379
0.290600, 0.907497
0.290700, 0.936213
0.290800, 1.028724
0.290900, 1.066363
0.291000, 1.019729
0.291100, 0.959174
0.291200, 0.956799
0.291300, 1.005556
0.291400, 1.040654
0.291500, 1.022772
0.291600, 0.979952
0.291700, 0.966072
0.291800, 0.994444
0.291900, 1.026655
0.292000, 1.023600
0.292100, 0.992191
0.292200, 0.972860
0.292300, 0.988091
0.292400, 1.016753
0.292500, 1.022952
0.292600, 1.000614
0.292700, 0.978876
0.292800, 0.984363
0.292900, 1.008826
0.293000, 1.021175
0.293100, 1.006789
0.293200, 0.984664
0.293300, 0.982488
0.293400, 1.002143
0.293500, 1.018430
0.293600, 1.011245
0.293700, 0.990283
0.293800, 0.982049
0.293900, 0.996446
0.294000, 1.014935
0.294100, 1.014334
0.294200, 0.995799
0.294300, 0.982870
0.294400, 0.991646
0.294500, 1.010793
0.294600, 1.016137
0.294700, 1.001109
0.294800, 0.984794
0.294900, 0.987744
0.295000, 1.006147
0.295100, 1.016742
0.295200, 1.006159
0.295300, 0.987762
0.295400, 0.984810
0.295500, 1.001122
0.295600, 1.016147
0.295700, 1.010802
0.295800, 0.991650
0.295900, 0.982866
0.296000, 0.995788
0.296100, 1.014321
0.296200, 1.014926
0.296300, 0.996440
0.296400, 0.982045
0.296500, 0.990280
0.296600, 1.011242
0.296700, 1.018427
0.296800, 1.002132
0.296900, 0.982462
0.297000, 0.984621
0.297100, 1.006740
0.297200, 1.021136
0.297300, 1.008807
0.297400, 0.984363
0.297500, 0.978884
0.297600, 1.000623
0.297700, 1.022957
0.297800, 1.016753
0.297900, 0.988088
0.298000, 0.972856
0.298100, 0.992193
0.298200, 1.023618
0.298300, 1.026689
0.298400, 0.994481
0.298500, 0.966093
0.298600, 0.979947
0.298700, 1.022751
0.298800, 1.040640
0.298900, 1.005567
0.299000, 0.956828
0.299100, 0.959197
0.299200, 1.019725
0.299300, 1.066336
0.299400, 1.028698
0.299500, 0.936215
0.299600, 0.907530
0.299700, 1.015420
0.299800, 1.161533
0.299900, 1.113587
0.300000, 0.702333
0.300100, -0.000050
0.300200, -0.702414
0.300300, -1.113622
0.300400, -1.161518
0.300500, -1.015379
0.300600, -0.907496
0.300700, -0.936213
0.300800, -1.028725
0.300900, -1.066364
0.301000, -1.019729
0.301100, -0.959174
0.301200, -0.956798
0.301300, -1.005556
0.301400, -1.040654
0.301500, -1.022773
0.301600, -0.979952
0.301700, -0.966071
0.301800, -0.994443
0.301900, -1.026654
0.302000, -1.023600
0.302100, -0.992190
0.302200, -0.972860
0.302300, -0.988091
0.302400, -1.016753
0.302500, -1.022952
0.302600, -1.000614
0.302700, -0.978875
0.302800, -0.984363
0.302900, -1.008826
0.303000, -1.021176
0.303100, -1.006790
0.303200, -0.984665
0.303300, -0.982489
0.303400, -1.002143
0.303500, -1.018430
0.303600, -1.011244
0.303700, -0.990283
0.303800, -0.982049
0.303900, -0.996446
0.304000, -1.014936
0.304100, -1.014334
0.304200, -0.995799
0.304300, -0.982870
0.304400, -0.991646
0.304500, -1.010793
0.304600, -1.016137
0.304700, -1.001109
0.304800, -0.984794
0.304900, -0.987744
0.305000, -1.006147
0.305100, -1.016742
0.305200, -1.006159
0.305300, -0.987762
0.305400, -0.984810
0.305500, -1.001122
0.305600, -1.016147
0.305700, -1.010802
0.305800, -0.991650
0.305900, -0.982866
0.306000, -0.995788
0.306100, -1.014321
0.306200, -1.014926
0.306300, -0.996440
0.306400, -0.982045
0.306500, -0.990280
0.306600, -1.011242
0.306700, -1.018427
0.306800, -1.002132
0.306900, -0.982461
0.307000, -0.984621
0.307100, -1.006739
0.307200, -1.021135
0.307300, -1.008807
0.307400, -0.984362
0.307500, -0.978885
0.307600, -1.000623
0.307700, -1.022957
0.307800, -1.016753
0.307900, -0.988088
0.308000, -0.972856
0.308100, -0.992194
0.308200, -1.023619
0.308300, -1.026690
0.308400, -0.994482
0.308500, -0.966093
0.308600, -0.979947
0.308700, -1.022750
0.308800, -1.040640
0.308900, -1.005567
0.309000, -0.956829
0.309100, -0.959197
0.309200, -1.019725
0.309300, -1.066336
0.309400, -1.028698
0.309500, -0.936215
0.309600, -0.907530
0.309700, -1.015421
0.309800, -1.161534
0.309900, -1.113587
0.310000, -0.702332
0.310100, 0.000051
0.310200, 0.702415
0.310300, 1.113622
0.310400, 1.161518
0.310500, 1.015378
0.310600, 0.907495
0.310700, 0.936213
0.310800, 1.028725
0.310900, 1.066365
0.311000, 1.019729
0.311100, 0.959173
0.311200, 0.956798
0.311300, 1.005555
0.311400, 1.040654
0.311500, 1.022773
0.311600, 0.979952
0.311700, 0.966071
0.311800, 0.994442
0.311900, 1.026654
0.312000, 1.023600
0.312100, 0.992191
0.312200, 0.972860
0.312300, 0.988091
0.312400, 1.016753
0.312500, 1.022952
0.312600, 1.000614
0.312700, 0.978875
0.312800, 0.984363
0.312900, 1.008827
0.313000, 1.021176
0.313100, 1.006790
0.313200, 0.984666
0.313300, 0.982489
0.313400, 1.002143
0.313500, 1.018430
0.313600, 1.011245
0.313700, 0.990283
0.313800, 0.982049
0.313900, 0.996446
0.314000, 1.014935
0.314100, 1.014334
0.314200, 0.995799
0.314300, 0.982870
0.314400, 0.991646
0.314500, 1.010793
0.314600, 1.016136
0.314700, 1.001109
0.314800, 0.984793
0.314900, 0.987744
0.315000, 1.006147
0.315100, 1.016742
0.315200, 1.006160
0.315300, 0.987762
0.315400, 0.984811
0.315500, 1.001122
0.315600, 1.016147
0.315700, 1.010802
0.315800, 0.991650
0.315900, 0.982865
0.316000, 0.995788
0.316100, 1.014321
0.316200, 1.014926
0.316300, 0.996440
0.316400, 0.982045
0.316500, 0.990280
0.316600, 1.011242
0.316700, 1.018427
0.316800, 1.002132
0.316900, 0.982461
0.317000, 0.984620
0.317100, 1.006738
0.317200, 1.021134
0.317300, 1.008807
0.317400, 0.984362
0.317500, 0.978885
0.317600, 1.000623
0.317700, 1.022957
0.317800, 1.016753
0.317900, 0.988088
0.318000, 0.972856
0.318100, 0.992194
0.318200, 1.023619
0.318300, 1.026690
0.318400, 0.994482
0.318500, 0.966094
0.318600, 0.979947
0.318700, 1.022750
0.318800, 1.040640
0.318900, 1.005567
0.319000, 0.956829
0.319100, 0.959198
0.319200, 1.019725
0.319300, 1.066335
0.319400, 1.028697
0.319500, 0.936215
0.319600, 0.907530
0.319700, 1.015422
0.319800, 1.161534
0.319900, 1.113587
0.320000, 0.702331
0.320100, -0.000053
0.320200, -0.702416
0.320300, -1.113623
0.320400, -1.161517
0.320500, -1.015377
0.320600, -0.907495
0.320700, -0.936213
0.320800, -1.028726
0.320900, -1.066365
0.321000, -1.019729
0.321100, -0.959173
0.321200, -0.956797
0.321300, -1.005555
0.321400, -1.040654
0.321500, -1.022773
0.321600, -0.979952
0.321700, -0.966071
0.321800, -0.994442
0.321900, -1.026653
0.322000, -1.023600
0.322100, -0.992191
0.322200, -0.972860
0.322300, -0.988092
0.322400, -1.016753
0.322500, -1.022952
0.322600, -1.000614
0.322700, -0.978875
0.322800, -0.984363
0.322900, -1.008827
0.323000, -1.021177
0.323100, -1.006791
0.323200, -0.984666
0.323300, -0.982489
0.323400, -1.002143
0.323500, -1.018430
0.323600, -1.011245
0.323700, -0.990283
0.323800, -0.982049
0.323900, -0.996446
0.324000, -1.014936
0.324100, -1.014334
0.324200, -0.995799
0.324300, -0.982870
0.324400, -0.991646
0.324500, -1.010793
0.324600, -1.016136
0.324700, -1.001109
0.324800, -0.984793
0.324900, -0.987743
0.325000, -1.006147
0.325100, -1.016742
0.325200, -1.006160
0.325300, -0.987762
0.325400, -0.984811
0.325500, -1.001122
0.325600, -1.016148
0.325700, -1.010802
0.325800, -0.991650
0.325900, -0.982866
0.326000, -0.995788
0.326100, -1.014320
0.326200, -1.014926
0.326300, -0.996440
0.326400, -0.982045
0.326500, -0.990280
0.326600, -1.011242
0.326700, -1.018426
0.326800, -1.002131
0.326900, -0.982460
0.327000, -0.984619
0.327100, -1.006737
0.327200, -1.021134
0.327300, -1.008806
0.327400, -0.984363
0.327500, -0.978885
0.327600, -1.000624
0.327700, -1.022957
0.327800, -1.016753
0.327900, -0.988088
0.328000, -0.972856
0.328100, -0.992194
0.328200, -1.023619
0.328300, -1.026690
0.328400, -0.994483
0.328500, -0.966094
0.328600, -0.979946
0.328700, -1.022750
0.328800, -1.040640
0.328900, -1.005567
0.329000, -0.956830
0.329100, -0.959198
0.329200, -1.019725
0.329300, -1.066335
0.329400, -1.028697
0.329500, -0.936215
0.329600, -0.907531
0.329700, -1.015423
0.329800, -1.161534
0.329900, -1.113586
0.330000, -0.702329
0.330100, 0.000055
0.330200, 0.702418
0.330300, 1.113623
0.330400, 1.161517
0.330500, 1.015377
0.330600, 0.907494
0.330700, 0.936213
0.330800, 1.028726
0.330900, 1.066365
0.331000, 1.019729
0.331100, 0.959172
0.331200, 0.956797
0.331300, 1.005555
0.331400, 1.040655
0.331500, 1.022774
0.331600, 0.979952
0.331700, 0.966070
0.331800, 0.994441
0.331900, 1.026653
0.332000, 1.023599
0.332100, 0.992190
0.332200, 0.972860
0.332300, 0.988091
0.332400, 1.016753
0.332500, 1.022951
0.332600, 1.000614
0.332700, 0.978874
0.332800, 0.984363
0.332900, 1.008828
0.333000, 1.021178
0.333100, 1.006792
0.333200, 0.984667
0.333300, 0.982490
0.333400, 1.002144
0.333500, 1.018430
0.333600, 1.011244
0.333700, 0.990283
0.333800, 0.982049
0.333900, 0.996446
0.334000, 1.014936
0.334100, 1.014334
0.334200, 0.995799
0.334300, 0.982870
0.334400, 0.991646
0.334500, 1.010793
0.334600, 1.016136
0.334700, 1.001108
0.334800, 0.984793
0.334900, 0.987743
0.335000, 1.006146
0.335100, 1.016742
0.335200, 1.006160
0.335300, 0.987763
0.335400, 0.984811
0.335500, 1.001122
0.335600, 1.016148
0.335700, 1.010802
0.335800, 0.991650
0.335900, 0.982866
0.336000, 0.995787
0.336100, 1.014320
0.336200, 1.014926
0.336300, 0.996440
0.336400, 0.982045
0.336500, 0.990280
0.336600, 1.011242
0.336700, 1.018426
0.336800, 1.002131
0.336900, 0.982460
0.337000, 0.984618
0.337100, 1.006737
0.337200, 1.021133
0.337300, 1.008806
0.337400, 0.984362
0.337500, 0.978885
0.337600, 1.000624
0.337700, 1.022957
0.337800, 1.016753
0.337900, 0.988088
0.338000, 0.972856
0.338100, 0.992193
0.338200, 1.023620
0.338300, 1.026691
0.338400, 0.994484
0.338500, 0.966095
0.338600, 0.979946
0.338700, 1.022749
0.338800, 1.040639
0.338900, 1.005567
0.339000, 0.956830
0.339100, 0.959198
0.339200, 1.019725
